rotationMatrix    1     0  0.02
    0     1 -0.01
-0.02  0.01     1

quaternion    1
0.005
 0.01
    0

rotationMatrix0.9996 0.0002   0.04
0.0002 0.9999  -0.02
 -0.04   0.02 0.9995

quaternion 0.999875
0.0100013
0.0200025
        0

rotationMatrix   0.9988    0.0006   0.05999
   0.0006    0.9997 -0.029995
 -0.05999  0.029995    0.9985

quaternion    0.999625
   0.0150031
   0.0300063
-5.42304e-20

rotationMatrix   0.9976 0.0011999   0.07996
0.0011999    0.9994  -0.03998
 -0.07996   0.03998     0.997

quaternion     0.99925
    0.020005
     0.04001
-1.08502e-19

rotationMatrix 0.996001 0.0019995    0.0999
0.0019995     0.999  -0.04995
  -0.0999   0.04995  0.995001

quaternion     0.99875
   0.0250063
   0.0500125
-2.17112e-19

rotationMatrix 0.994003 0.0029985    0.1198
0.0029985  0.998501   -0.0599
  -0.1198    0.0599  0.992504

quaternion 0.998124
0.0300063
0.0600126
        0

rotationMatrix  0.991607  0.0041965    0.13965
 0.0041965   0.997902 -0.0698251
  -0.13965  0.0698251   0.989509

quaternion 0.997374
0.0350045
0.0700089
        0

rotationMatrix  0.988814   0.005593    0.15944
  0.005593   0.997203 -0.0797201
  -0.15944  0.0797201   0.986017

quaternion    0.996498
   0.0400001
   0.0800003
-2.17602e-19

rotationMatrix  0.985625  0.0071874   0.179161
 0.0071874   0.996406 -0.0895803
 -0.179161  0.0895803   0.982031

quaternion    0.995498
   0.0449927
   0.0899855
-2.17821e-19

rotationMatrix  0.982042 0.00897901   0.198801
0.00897901    0.99551 -0.0994006
 -0.198801  0.0994006   0.977552

quaternion    0.994372
   0.0499816
   0.0999632
-4.36135e-19

rotationMatrix 0.978066  0.010967  0.218352
 0.010967  0.994516 -0.109176
-0.218352  0.109176  0.972582

quaternion    0.993122
   0.0549661
    0.109932
-4.36684e-19

rotationMatrix 0.973699 0.0131505  0.237804
0.0131505  0.993425 -0.118902
-0.237804  0.118902  0.967124

quaternion   0.991747
  0.0599457
   0.119891
-8.7458e-19

rotationMatrix 0.968943 0.0155286  0.257146
0.0155286  0.992236 -0.128573
-0.257146  0.128573  0.961179

quaternion    0.990247
   0.0649198
     0.12984
-8.75904e-19

rotationMatrix   0.9638 0.0181001   0.27637
0.0181001   0.99095 -0.138185
 -0.27637  0.138185   0.95475

quaternion    0.988623
   0.0698876
    0.139775
-8.77343e-19

rotationMatrix 0.958272 0.0208638  0.295465
0.0208638  0.989568 -0.147732
-0.295465  0.147732  0.947841

quaternion   0.986874
  0.0748487
   0.149697
-1.7578e-18

rotationMatrix 0.952363 0.0238184  0.314422
0.0238184  0.988091 -0.157211
-0.314422  0.157211  0.940454

quaternion    0.985001
   0.0798024
    0.159605
-1.76114e-18

rotationMatrix 0.946075 0.0269626  0.333231
0.0269626  0.986519 -0.166615
-0.333231  0.166615  0.932593

quaternion    0.983004
   0.0847481
    0.169496
-1.76472e-18

rotationMatrix  0.93941 0.0302949  0.351883
0.0302949  0.984853 -0.175941
-0.351883  0.175941  0.924263

quaternion    0.980883
   0.0896852
     0.17937
-1.76853e-18

rotationMatrix 0.932372 0.0338138  0.370368
0.0338138  0.983093 -0.185184
-0.370368  0.185184  0.915466

quaternion    0.978638
   0.0946131
    0.189226
-1.77259e-18

rotationMatrix 0.924965 0.0375174  0.388677
0.0375174  0.981241 -0.194339
-0.388677  0.194339  0.906206

quaternion     0.97627
   0.0995312
    0.199062
-1.77689e-18

rotationMatrix 0.917192 0.0414042  0.406801
0.0414042  0.979298 -0.203401
-0.406801  0.203401  0.896489

quaternion    0.973779
    0.104439
    0.208878
-1.78144e-18

rotationMatrix 0.909056 0.0454722  0.424731
0.0454722  0.977264 -0.212366
-0.424731  0.212366  0.886319

quaternion    0.971164
    0.109336
    0.218671
-1.78623e-18

rotationMatrix 0.900561 0.0497195  0.442458
0.0497195   0.97514 -0.221229
-0.442458  0.221229  0.875701

quaternion    0.968427
    0.114221
    0.228441
-1.79128e-18

rotationMatrix 0.891712 0.0541441  0.459972
0.0541441  0.972928 -0.229986
-0.459972  0.229986   0.86464

quaternion    0.965567
    0.119094
    0.238187
-3.59317e-18

rotationMatrix 0.882512 0.0587438  0.477264
0.0587438  0.970628 -0.238632
-0.477264  0.238632   0.85314

quaternion   0.962585
   0.123954
   0.247908
-3.6043e-18

rotationMatrix 0.872967 0.0635165  0.494327
0.0635165  0.968242 -0.247164
-0.494327  0.247164  0.841209

quaternion    0.959481
    0.128801
    0.257601
-3.61596e-18

rotationMatrix 0.863081 0.0684597  0.511151
0.0684597   0.96577 -0.255576
-0.511151  0.255576  0.828851

quaternion    0.956256
    0.133634
    0.267267
-3.62816e-18

rotationMatrix 0.852857 0.0735713  0.527728
0.0735713  0.963214 -0.263864
-0.527728  0.263864  0.816072

quaternion   0.952909
   0.138452
   0.276904
-3.6409e-18

rotationMatrix 0.842303 0.0788485   0.54405
0.0788485  0.960576 -0.272025
 -0.54405  0.272025  0.802879

quaternion0.949442
0.143255
 0.28651
       0

rotationMatrix 0.831422  0.084289  0.560107
 0.084289  0.957855 -0.280054
-0.560107  0.280054  0.789277

quaternion0.945853
0.148043
0.296086
       0

rotationMatrix  0.82022 0.0898901  0.575893
0.0898901  0.955055 -0.287947
-0.575893  0.287947  0.775275

quaternion0.942145
0.152814
0.305629
       0

rotationMatrix 0.808702  0.095649  0.591399
 0.095649  0.952175 -0.295699
-0.591399  0.295699  0.760877

quaternion0.938317
0.157569
0.315138
       0

rotationMatrix 0.796874  0.101563  0.606616
 0.101563  0.949218 -0.303308
-0.606616  0.303308  0.746092

quaternion0.934369
0.162306
0.324613
       0

rotationMatrix 0.784742  0.107629  0.621538
 0.107629  0.946185 -0.310769
-0.621538  0.310769  0.730927

quaternion0.930303
0.167026
0.334051
       0

rotationMatrix 0.772311  0.113845  0.636156
 0.113845  0.943078 -0.318078
-0.636156  0.318078  0.715389

quaternion0.926118
0.171727
0.343453
       0

rotationMatrix 0.759588  0.120206  0.650464
 0.120206  0.939897 -0.325232
-0.650464  0.325232  0.699485

quaternion0.921815
0.176409
0.352817
       0

rotationMatrix 0.746578  0.126711  0.664454
 0.126711  0.936645 -0.332227
-0.664454  0.332227  0.683223

quaternion0.917394
0.181071
0.362142
       0

rotationMatrix 0.733289  0.133355  0.678118
 0.133355  0.933322 -0.339059
-0.678118  0.339059  0.666612

quaternion0.912856
0.185713
0.371427
       0

rotationMatrix 0.719727  0.140137  0.691451
 0.140137  0.929932 -0.345725
-0.691451  0.345725  0.649659

quaternion0.908201
0.190335
 0.38067
       0

rotationMatrix 0.705898  0.147051  0.704444
 0.147051  0.926474 -0.352222
-0.704444  0.352222  0.632372

quaternion 0.90343
0.194936
0.389872
       0

rotationMatrix 0.691809  0.154095  0.717091
 0.154095  0.922952 -0.358546
-0.717091  0.358546  0.614761

quaternion   0.898544
   0.199515
    0.39903
7.72238e-18

rotationMatrix 0.677467  0.161266  0.729386
 0.161266  0.919367 -0.364693
-0.729386  0.364693  0.596834

quaternion   0.893542
   0.204072
   0.408143
7.76561e-18

rotationMatrix  0.66288   0.16856  0.741323
  0.16856   0.91572 -0.370662
-0.741323  0.370662  0.578599

quaternion   0.888425
   0.208606
   0.417212
1.56207e-17

rotationMatrix 0.648053  0.175973  0.752895
 0.175973  0.912013 -0.376448
-0.752895  0.376448  0.560066

quaternion   0.883195
   0.213117
   0.426234
1.57132e-17

rotationMatrix 0.632995  0.183502  0.764096
 0.183502  0.908249 -0.382048
-0.764096  0.382048  0.541244

quaternion   0.877851
   0.217604
   0.435209
2.37132e-17

rotationMatrix 0.617713  0.191143  0.774921
 0.191143  0.904428 -0.387461
-0.774921  0.387461  0.522142

quaternion   0.872394
   0.222068
   0.444135
2.38616e-17

rotationMatrix 0.602215  0.198893  0.785364
 0.198893  0.900554 -0.392682
-0.785364  0.392682  0.502769

quaternion   0.866824
   0.226506
   0.453012
3.20198e-17

rotationMatrix0.586508 0.206746  0.79542
0.206746 0.896627 -0.39771
-0.79542  0.39771 0.483134

quaternion   0.861143
    0.23092
   0.461839
3.22311e-17

rotationMatrix 0.570599    0.2147  0.805082
   0.2147   0.89265 -0.402541
-0.805082  0.402541  0.463249

quaternion    0.85535
   0.235308
   0.470615
3.24494e-17

rotationMatrix 0.554498  0.222751  0.814347
 0.222751  0.888624 -0.407174
-0.814347  0.407174  0.443122

quaternion   0.849447
    0.23967
   0.479339
3.26749e-17

rotationMatrix 0.538211  0.230895   0.82321
 0.230895  0.884553 -0.411605
 -0.82321  0.411605  0.422763

quaternion   0.843434
   0.244005
    0.48801
3.29078e-17

rotationMatrix 0.521746  0.239127  0.831665
 0.239127  0.880437 -0.415832
-0.831665  0.415832  0.402183

quaternion   0.837312
   0.248314
   0.496628
3.31484e-17

rotationMatrix 0.505113  0.247443  0.839709
 0.247443  0.876278 -0.419854
-0.839709  0.419854  0.381391

quaternion  0.831081
  0.252595
  0.505191
3.3397e-17

rotationMatrix 0.488319  0.255841  0.847336
 0.255841   0.87208 -0.423668
-0.847336  0.423668  0.360399

quaternion   0.824742
   0.256849
   0.513698
5.04805e-17

rotationMatrix 0.471372  0.264314  0.854544
 0.264314  0.867843 -0.427272
-0.854544  0.427272  0.339215

quaternion   0.818296
   0.261074
   0.522149
5.08781e-17

rotationMatrix 0.454281  0.272859  0.861329
 0.272859   0.86357 -0.430664
-0.861329  0.430664  0.317852

quaternion   0.811742
   0.265272
   0.530543
5.12889e-17

rotationMatrix 0.437055  0.281473  0.867686
 0.281473  0.859264 -0.433843
-0.867686  0.433843  0.296318

quaternion   0.805083
    0.26944
   0.538879
5.17131e-17

rotationMatrix 0.419701  0.290149  0.873612
 0.290149  0.854925 -0.436806
-0.873612  0.436806  0.274626

quaternion   0.798319
   0.273579
   0.547157
5.21513e-17

rotationMatrix 0.402229  0.298886  0.879105
 0.298886  0.850557 -0.439552
-0.879105  0.439552  0.252786

quaternion    0.79145
   0.277688
   0.555376
3.50693e-17

rotationMatrix0.384647 0.307677  0.88416
0.307677 0.846162 -0.44208
-0.88416  0.44208 0.230808

quaternion  0.784477
  0.281767
  0.563535
3.5381e-17

rotationMatrix 0.366963  0.316518  0.888776
 0.316518  0.841741 -0.444388
-0.888776  0.444388  0.208704

quaternion  0.777401
  0.285817
  0.571633
3.5703e-17

rotationMatrix 0.349188  0.325406  0.892951
 0.325406  0.837297 -0.446475
-0.892951  0.446475  0.186485

quaternion   0.770222
   0.289835
   0.579671
3.60358e-17

rotationMatrix0.331329 0.334336  0.89668
0.334336 0.832832 -0.44834
-0.89668  0.44834 0.164161

quaternion   0.762942
   0.293823
   0.587646
3.63797e-17

rotationMatrix 0.313395  0.343302  0.899963
 0.343302  0.828349 -0.449982
-0.899963  0.449982  0.141744

quaternion   0.755561
    0.29778
    0.59556
3.67351e-17

rotationMatrix 0.295396  0.352302  0.902798
 0.352302  0.823849 -0.451399
-0.902798  0.451399  0.119245

quaternion   0.748079
   0.301705
   0.603411
3.71025e-17

rotationMatrix  0.27734   0.36133  0.905183
  0.36133  0.819335 -0.452592
-0.905183  0.452592 0.0966751

quaternion   0.740498
   0.305599
   0.611199
3.74823e-17

rotationMatrix 0.259236  0.370382  0.907117
 0.370382  0.814809 -0.453558
-0.907117  0.453558 0.0740455

quaternion   0.732818
   0.309462
   0.618923
3.78751e-17

rotationMatrix 0.241094  0.379453  0.908598
 0.379453  0.810274 -0.454299
-0.908598  0.454299 0.0513676

quaternion   0.725041
   0.313292
   0.626584
3.82814e-17

rotationMatrix 0.222922  0.388539  0.909625
 0.388539  0.805731 -0.454813
-0.909625  0.454813 0.0286527

quaternion   0.717165
    0.31709
   0.634181
3.87018e-17

rotationMatrix   0.20473   0.397635   0.910198
  0.397635   0.801182  -0.455099
 -0.910198   0.455099 0.00591204

quaternion   0.709194
   0.320857
   0.641713
1.95684e-17

rotationMatrix  0.186526   0.406737   0.910316
  0.406737   0.796631  -0.455158
 -0.910316   0.455158 -0.0168429

quaternion   0.701127
   0.324591
   0.649181
1.97936e-17

rotationMatrix  0.168319    0.41584   0.909979
   0.41584    0.79208   -0.45499
 -0.909979    0.45499 -0.0396008

quaternion   0.692964
   0.328292
   0.656585
2.00267e-17

rotationMatrix   0.15012    0.42494   0.909187
   0.42494    0.78753  -0.454594
 -0.909187   0.454594 -0.0623503

quaternion   0.684708
   0.331962
   0.663924
2.02682e-17

rotationMatrix0.131936 0.434032  0.90794
0.434032 0.782984 -0.45397
-0.90794  0.45397 -0.08508

quaternion   0.676358
   0.335599
   0.671198
2.05184e-17

rotationMatrix 0.113777  0.443111  0.906239
 0.443111  0.778444 -0.453119
-0.906239  0.453119 -0.107779

quaternion   0.667915
   0.339204
   0.678409
2.07778e-17

rotationMatrix0.0956524  0.452174  0.904083
 0.452174  0.773913 -0.452042
-0.904083  0.452042 -0.130434

quaternion   0.659381
   0.342777
   0.685555
2.10467e-17

rotationMatrix0.0775708  0.461215  0.901475
 0.461215  0.769393 -0.450737
-0.901475  0.450737 -0.153037

quaternion   0.650755
   0.346319
   0.692638
2.13257e-17

rotationMatrix0.0595413  0.470229  0.898414
 0.470229  0.764885 -0.449207
-0.898414  0.449207 -0.175573

quaternion   0.642038
   0.349829
   0.699657
2.16152e-17

rotationMatrix 0.041573  0.479214  0.894902
 0.479214  0.760393 -0.447451
-0.894902  0.447451 -0.198034

quaternion   0.633232
   0.353307
   0.706615
2.19158e-17

rotationMatrix0.0236749  0.488163  0.890942
 0.488163  0.755919 -0.445471
-0.890942  0.445471 -0.220406

quaternion  0.624337
  0.356755
   0.71351
2.2228e-17

rotationMatrix0.0058561  0.497072  0.886534
 0.497072  0.751464 -0.443267
-0.886534  0.443267  -0.24268

quaternion0.615354
0.360172
0.720345
       0

rotationMatrix-0.0118746   0.505937    0.88168
  0.505937   0.747031   -0.44084
  -0.88168    0.44084  -0.264843

quaternion0.606282
 0.36356
 0.72712
       0

rotationMatrix-0.0295082   0.514754   0.876383
  0.514754   0.742623  -0.438192
 -0.876383   0.438192  -0.286885

quaternion0.597124
0.366918
0.733836
       0

rotationMatrix-0.0470358   0.523518   0.870645
  0.523518   0.738241  -0.435323
 -0.870645   0.435323  -0.308795

quaternion 0.58788
0.370248
0.740496
       0

rotationMatrix-0.0644487   0.532224    0.86447
  0.532224   0.733888  -0.432235
  -0.86447   0.432235  -0.330561

quaternion 0.57855
 0.37355
0.747101
       0

rotationMatrix-0.0817381   0.540869   0.857858
  0.540869   0.729565  -0.428929
 -0.857858   0.428929  -0.352173

quaternion0.569134
0.376826
0.753652
       0

rotationMatrix-0.0988953   0.549448   0.850815
  0.549448   0.725276  -0.425407
 -0.850815   0.425407  -0.373619

quaternion0.559634
0.380076
0.760153
       0

rotationMatrix-0.115912  0.557956  0.843342
 0.557956  0.721022 -0.421671
-0.843342  0.421671 -0.394889

quaternion 0.55005
0.383302
0.766605
       0

rotationMatrix-0.132778  0.566389  0.835445
 0.566389  0.716805 -0.417722
-0.835445  0.417722 -0.415973

quaternion0.540383
0.386506
0.773012
       0

rotationMatrix-0.149487  0.574744  0.827125
 0.574744  0.712628 -0.413563
-0.827125  0.413563 -0.436859

quaternion0.530632
0.389689
0.779377
       0

rotationMatrix -0.16603  0.583015  0.818388
 0.583015  0.708493 -0.409194
-0.818388  0.409194 -0.457537

quaternion0.520799
0.392852
0.785705
       0

rotationMatrix-0.182398  0.591199  0.809237
 0.591199  0.704401 -0.404619
-0.809237  0.404619 -0.477997

quaternion0.510883
0.395999
0.791999
       0

rotationMatrix-0.198582  0.599291  0.799677
 0.599291  0.700354 -0.399839
-0.799677  0.399839 -0.498228

quaternion0.500885
0.399132
0.798264
       0

rotationMatrix-0.214576  0.607288  0.789713
 0.607288  0.696356 -0.394856
-0.789713  0.394856  -0.51822

quaternion0.490806
0.402253
0.804507
       0

rotationMatrix -0.23037  0.615185  0.779348
 0.615185  0.692407 -0.389674
-0.779348  0.389674 -0.537963

quaternion0.480644
0.405367
0.810734
       0

rotationMatrix-0.245957  0.622979  0.768589
 0.622979  0.688511 -0.384295
-0.768589  0.384295 -0.557446

quaternion0.470401
0.408476
0.816952
       0

rotationMatrix-0.261329  0.630664   0.75744
 0.630664  0.684668  -0.37872
 -0.75744   0.37872 -0.576661

quaternion0.460075
0.411585
 0.82317
       0

rotationMatrix-0.276478  0.638239  0.745907
 0.638239  0.680881 -0.372953
-0.745907  0.372953 -0.595597

quaternion0.449668
0.414699
0.829397
       0

rotationMatrix-0.291396  0.645698  0.733995
 0.645698  0.677151 -0.366998
-0.733995  0.366998 -0.614245

quaternion0.439178
0.417823
0.835646
       0

rotationMatrix-0.306076  0.653038   0.72171
 0.653038  0.673481 -0.360855
 -0.72171  0.360855 -0.632595

quaternion0.428605
0.420964
0.841928
       0

rotationMatrix -0.32051  0.660255  0.709058
 0.660255  0.669873 -0.354529
-0.709058  0.354529 -0.650637

quaternion0.417949
 0.42413
 0.84826
       0

rotationMatrix-0.334691  0.667346  0.696046
 0.667346  0.666327 -0.348023
-0.696046  0.348023 -0.668364

quaternion0.407208
0.427328
0.854657
       0

rotationMatrix-0.348612  0.674306  0.682678
 0.674306  0.662847 -0.341339
-0.682678  0.341339 -0.685765

quaternion0.39638
0.43057
0.86114
      0

rotationMatrix-0.362266  0.681133  0.668963
 0.681133  0.659434 -0.334481
-0.668963  0.334481 -0.702832

quaternion0.385466
0.433866
0.867733
       0

rotationMatrix-0.375645  0.687822  0.654906
 0.687822  0.656089 -0.327453
-0.654906  0.327453 -0.719556

quaternion0.374462
0.437231
0.874462
       0

rotationMatrix-0.388743  0.694371  0.640515
 0.694371  0.652814 -0.320258
-0.640515  0.320258 -0.735929

quaternion0.363367
0.440681
0.881361
       0

rotationMatrix-0.401553  0.700777  0.625797
 0.700777  0.649612 -0.312898
-0.625797  0.312898 -0.751942

quaternion0.352178
0.444233
0.888467
       0

rotationMatrix-0.414069  0.707035  0.610758
 0.707035  0.646483 -0.305379
-0.610758  0.305379 -0.767587

quaternion0.340891
0.447913
0.895825
       0

rotationMatrix-0.426284  0.713142  0.595406
 0.713142  0.643429 -0.297703
-0.595406  0.297703 -0.782855

quaternion0.329503
0.451745
0.903491
       0

rotationMatrix-0.438192  0.719096  0.579749
 0.719096  0.640452 -0.289874
-0.579749  0.289874 -0.797741

quaternion0.318009
0.455765
0.911529
       0

rotationMatrix-0.449787  0.724894  0.563794
 0.724894  0.637553 -0.281897
-0.563794  0.281897 -0.812234

quaternion    0.306403
     0.46001
     0.92002
-9.05852e-17

rotationMatrix-0.461063  0.730532  0.547549
 0.730532  0.634734 -0.273775
-0.547549  0.273775 -0.826329

quaternion    0.294678
    0.464531
    0.929062
-9.41894e-17

rotationMatrix-0.472014  0.736007  0.531023
 0.736007  0.631996 -0.265511
-0.531023  0.265511 -0.840018

quaternion    0.282827
    0.469389
    0.938777
-1.96273e-16

rotationMatrix-0.482635  0.741317  0.514222
 0.741317  0.629341 -0.257111
-0.514222  0.257111 -0.853293

quaternion    0.270838
    0.474659
    0.949317
-2.04961e-16

rotationMatrix-0.492919   0.74646  0.497157
  0.74646   0.62677 -0.248578
-0.497157  0.248578 -0.866149

quaternion      0.2587
    0.480438
    0.960876
-2.14578e-16

rotationMatrix-0.502862  0.751431  0.479834
 0.751431  0.624284 -0.239917
-0.479834  0.239917 -0.878578

quaternion    0.246396
    0.486852
    0.973704
-2.25292e-16

rotationMatrix-0.512459   0.75623  0.462262
  0.75623  0.621885 -0.231131
-0.462262  0.231131 -0.890574

quaternion   0.233908
   0.494063
   0.988127
-2.3732e-16

rotationMatrix-0.521704  0.760852  0.444451
 0.760852  0.619574 -0.222225
-0.444451  0.222225  -0.90213

quaternion    0.221212
     0.50229
     1.00458
-3.76411e-16

rotationMatrix-0.530593  0.765297  0.426408
 0.765297  0.617352 -0.213204
-0.426408  0.213204 -0.913242

quaternion    0.208277
    0.511829
     1.02366
-3.99789e-16

rotationMatrix-0.539121  0.769561  0.408143
 0.769561   0.61522 -0.204072
-0.408143  0.204072 -0.923902

quaternion    0.195062
    0.523095
     1.04619
-4.26874e-16

rotationMatrix-0.547284  0.773642  0.389665
 0.773642  0.613179 -0.194833
-0.389665  0.194833 -0.934105

quaternion    0.181514
    0.536688
     1.07338
-4.58735e-16

rotationMatrix-0.555078  0.777539  0.370983
 0.777539  0.611231 -0.185492
-0.370983  0.185492 -0.943847

quaternion     0.16756
    0.553506
     1.10701
-4.96936e-16

rotationMatrix-0.562497  0.781249  0.352106
 0.781249  0.609376 -0.176053
-0.352106  0.176053 -0.953122

quaternion    0.153099
    0.574966
     1.14993
-5.43876e-16

rotationMatrix-0.569539   0.78477  0.333044
  0.78477  0.607615 -0.166522
-0.333044  0.166522 -0.961924

quaternion    0.137978
    0.603437
     1.20687
-6.03479e-16

rotationMatrix  -0.5762    0.7881  0.313805
   0.7881   0.60595 -0.156903
-0.313805  0.156903  -0.97025

quaternion    0.121962
    0.643242
     1.28648
-6.82725e-16

rotationMatrix-0.582476  0.791238    0.2944
 0.791238  0.604381   -0.1472
  -0.2944    0.1472 -0.978095

quaternion    0.104653
    0.703277
     1.40655
-7.95645e-16

rotationMatrix-0.588364  0.794182  0.274838
 0.794182  0.602909 -0.137419
-0.274838  0.137419 -0.985455

quaternion  0.0852775
   0.805717
    1.61143
-9.7642e-16

rotationMatrix-0.593861  0.796931  0.255129
 0.796931  0.601535 -0.127565
-0.255129  0.127565 -0.992326

quaternion   0.0619418
     1.02971
     2.05943
-1.34427e-15

rotationMatrix-0.598964  0.799482  0.235283
 0.799482  0.600259 -0.117641
-0.235283  0.117641 -0.998705

quaternion   0.0254493
     2.31129
     4.62257
-3.27186e-15

rotationMatrix-0.603669  0.801835  0.215309
 0.801835  0.599083 -0.107654
-0.215309  0.107654  -1.00459

quaternion-nan
-nan
-nan
-nan

rotationMatrix -0.607976   0.803988   0.195217
  0.803988   0.598006 -0.0976084
 -0.195217  0.0976084   -1.00997

quaternion-nan
-nan
-nan
-nan

rotationMatrix  -0.61188    0.80594   0.175017
   0.80594    0.59703 -0.0875087
 -0.175017  0.0875087   -1.01485

quaternion-nan
-nan
-nan
-nan

rotationMatrix  -0.61538    0.80769    0.15472
   0.80769   0.596155 -0.0773602
  -0.15472  0.0773602   -1.01923

quaternion-nan
-nan
-nan
-nan

rotationMatrix -0.618475   0.809237   0.134336
  0.809237   0.595381 -0.0671679
 -0.134336  0.0671679   -1.02309

quaternion-nan
-nan
-nan
-nan

rotationMatrix-0.621161  0.810581  0.113874
 0.810581   0.59471 -0.056937
-0.113874  0.056937  -1.02645

quaternion-nan
-nan
-nan
-nan

rotationMatrix -0.623439   0.811719   0.093345
  0.811719    0.59414 -0.0466725
 -0.093345  0.0466725    -1.0293

quaternion-nan
-nan
-nan
-nan

rotationMatrix -0.625306   0.812653   0.072759
  0.812653   0.593674 -0.0363795
 -0.072759  0.0363795   -1.03163

quaternion-nan
-nan
-nan
-nan

rotationMatrix -0.626761    0.81338  0.0521264
   0.81338    0.59331 -0.0260632
-0.0521264  0.0260632   -1.03345

quaternion-nan
-nan
-nan
-nan

rotationMatrix -0.627803   0.813902  0.0314573
  0.813902   0.593049 -0.0157287
-0.0314573  0.0157287   -1.03475

quaternion-nan
-nan
-nan
-nan

rotationMatrix  -0.628433    0.814216   0.0107623
   0.814216    0.592892 -0.00538113
 -0.0107623  0.00538113    -1.03554

quaternion-nan
-nan
-nan
-nan

rotationMatrix  -0.628648    0.814324 -0.00994856
   0.814324    0.592838  0.00497428
 0.00994856 -0.00497428    -1.03581

quaternion-nan
-nan
-nan
-nan

rotationMatrix -0.628449   0.814224 -0.0306648
  0.814224   0.592888  0.0153324
 0.0306648 -0.0153324   -1.03556

quaternion-nan
-nan
-nan
-nan

rotationMatrix-0.627836  0.813918 -0.051376
 0.813918  0.593041  0.025688
 0.051376 -0.025688  -1.03479

quaternion-nan
-nan
-nan
-nan

rotationMatrix -0.626808   0.813404 -0.0720719
  0.813404   0.593298  0.0360359
 0.0720719 -0.0360359   -1.03351

quaternion-nan
-nan
-nan
-nan

rotationMatrix -0.625367   0.812683 -0.0927421
  0.812683   0.593658   0.046371
 0.0927421  -0.046371   -1.03171

quaternion-nan
-nan
-nan
-nan

rotationMatrix -0.623512   0.811756  -0.113376
  0.811756   0.594122  0.0566881
  0.113376 -0.0566881   -1.02939

quaternion-nan
-nan
-nan
-nan

rotationMatrix-0.621244  0.810622 -0.133964
 0.810622  0.594689  0.066982
 0.133964 -0.066982  -1.02656

quaternion-nan
-nan
-nan
-nan

rotationMatrix -0.618565   0.809282  -0.154495
  0.809282   0.595359  0.0772476
  0.154495 -0.0772476   -1.02321

quaternion-nan
-nan
-nan
-nan

rotationMatrix -0.615475   0.807738  -0.174959
  0.807738   0.596131  0.0874796
  0.174959 -0.0874796   -1.01934

quaternion-nan
-nan
-nan
-nan

rotationMatrix -0.611976   0.805988  -0.195346
  0.805988   0.597006  0.0976731
  0.195346 -0.0976731   -1.01497

quaternion-nan
-nan
-nan
-nan

rotationMatrix-0.608069  0.804034 -0.215646
 0.804034  0.597983  0.107823
 0.215646 -0.107823  -1.01009

quaternion-nan
-nan
-nan
-nan

rotationMatrix-0.603756  0.801878 -0.235847
 0.801878  0.599061  0.117924
 0.235847 -0.117924   -1.0047

quaternion-nan
-nan
-nan
-nan

rotationMatrix-0.599039   0.79952 -0.255941
  0.79952   0.60024  0.127971
 0.255941 -0.127971 -0.998799

quaternion   0.0245063
    -2.61097
    -5.22195
-5.66295e-15

rotationMatrix -0.59392   0.79696 -0.275917
  0.79696   0.60152  0.137959
 0.275917 -0.137959   -0.9924

quaternion   0.0616427
    -1.11902
    -2.23804
-2.25133e-15

rotationMatrix-0.588402  0.794201 -0.295765
 0.794201    0.6029  0.147883
 0.295765 -0.147883 -0.985502

quaternion0.0851398
-0.868469
 -1.73694
-1.63e-15

rotationMatrix-0.582487  0.791243 -0.315475
 0.791243  0.604378  0.157738
 0.315475 -0.157738 -0.978108

quaternion    0.104622
   -0.753842
    -1.50768
-1.32646e-15

rotationMatrix-0.576177  0.788089 -0.335037
 0.788089  0.605956  0.167519
 0.335037 -0.167519 -0.970221

quaternion    0.122022
    -0.68643
    -1.37286
-1.13732e-15

rotationMatrix-0.569476  0.784738 -0.354442
 0.784738  0.607631  0.177221
 0.354442 -0.177221 -0.961845

quaternion     0.13812
   -0.641545
    -1.28309
-1.00476e-15

rotationMatrix-0.562388  0.781194 -0.373679
 0.781194  0.609403  0.186839
 0.373679 -0.186839 -0.952984

quaternion    0.153322
   -0.609302
     -1.2186
-9.05137e-16

rotationMatrix-0.554914  0.777457 -0.392738
 0.777457  0.611272  0.196369
 0.392738 -0.196369 -0.943642

quaternion    0.167865
   -0.584901
     -1.1698
-9.92066e-16

rotationMatrix-0.547059   0.77353 -0.411611
  0.77353  0.613235  0.205806
 0.411611 -0.205806 -0.933824

quaternion    0.181901
   -0.565708
    -1.13142
-9.15517e-16

rotationMatrix-0.538827  0.769413 -0.430288
 0.769413  0.615293  0.215144
 0.430288 -0.215144 -0.923534

quaternion    0.195533
   -0.550147
    -1.10029
-9.93638e-16

rotationMatrix-0.530221  0.765111 -0.448758
 0.765111  0.617445  0.224379
 0.448758 -0.224379 -0.912777

quaternion    0.208834
   -0.537218
    -1.07444
-9.30351e-16

rotationMatrix-0.521246  0.760623 -0.467014
 0.760623  0.619688  0.233507
 0.467014 -0.233507 -0.901558

quaternion    0.221859
   -0.526252
     -1.0525
-8.75734e-16

rotationMatrix-0.511906  0.755953 -0.485045
 0.755953  0.622024  0.242523
 0.485045 -0.242523 -0.889882

quaternion    0.234646
   -0.516783
    -1.03357
-8.28008e-16

rotationMatrix-0.502205  0.751102 -0.502843
 0.751102  0.624449  0.251421
 0.502843 -0.251421 -0.877756

quaternion    0.247229
    -0.50848
    -1.01696
-7.85868e-16

rotationMatrix-0.492148  0.746074 -0.520398
 0.746074  0.626963  0.260199
 0.520398 -0.260199 -0.865185

quaternion     0.25963
   -0.501097
    -1.00219
-7.48332e-16

rotationMatrix -0.48174   0.74087 -0.537702
  0.74087  0.629565  0.268851
 0.537702 -0.268851 -0.852175

quaternion    0.271868
    -0.49445
     -0.9889
-7.14644e-16

rotationMatrix-0.470986  0.735493 -0.554745
 0.735493  0.632253  0.277373
 0.554745 -0.277373 -0.838733

quaternion    0.283961
   -0.488399
   -0.976799
-6.84211e-16

rotationMatrix-0.459891  0.729946  -0.57152
 0.729946  0.635027   0.28576
  0.57152  -0.28576 -0.824864

quaternion    0.295919
   -0.482835
   -0.965669
-6.56562e-16

rotationMatrix-0.448461   0.72423 -0.588017
  0.72423  0.637885  0.294008
 0.588017 -0.294008 -0.810576

quaternion    0.307753
   -0.477669
   -0.955339
-6.31314e-16

rotationMatrix  -0.4367   0.71835 -0.604228
  0.71835  0.640825  0.302114
 0.604228 -0.302114 -0.795876

quaternion    0.319472
   -0.472834
   -0.945668
-6.08157e-16

rotationMatrix-0.424616  0.712308 -0.620146
 0.712308  0.643846  0.310073
 0.620146 -0.310073  -0.78077

quaternion    0.331082
   -0.468273
   -0.936545
-5.86831e-16

rotationMatrix-0.412213  0.706106 -0.635761
 0.706106  0.646947  0.317881
 0.635761 -0.317881 -0.765266

quaternion    0.342589
   -0.463939
   -0.927879
-6.48138e-16

rotationMatrix-0.399498  0.699749 -0.651067
 0.699749  0.650126  0.325533
 0.651067 -0.325533 -0.749372

quaternion    0.353997
   -0.459797
   -0.919593
-7.05656e-16

rotationMatrix-0.386476  0.693238 -0.666054
 0.693238  0.653381  0.333027
 0.666054 -0.333027 -0.733095

quaternion    0.365311
   -0.455813
   -0.911626
-6.83801e-16

rotationMatrix-0.373155  0.686578 -0.680716
 0.686578  0.656711  0.340358
 0.680716 -0.340358 -0.716444

quaternion   0.376534
  -0.451962
  -0.903923
-6.6342e-16

rotationMatrix-0.359541   0.67977 -0.695045
  0.67977  0.660115  0.347522
 0.695045 -0.347522 -0.699426

quaternion    0.387669
   -0.448221
   -0.896442
-6.44365e-16

rotationMatrix -0.34564   0.67282 -0.709033
  0.67282   0.66359  0.354517
 0.709033 -0.354517  -0.68205

quaternion    0.398717
   -0.444572
   -0.889145
-6.26511e-16

rotationMatrix-0.331459   0.66573 -0.722674
  0.66573  0.667135  0.361337
 0.722674 -0.361337 -0.664324

quaternion     0.40968
   -0.440999
   -0.881998
-6.09744e-16

rotationMatrix-0.317006  0.658503 -0.735961
 0.658503  0.670749   0.36798
 0.735961  -0.36798 -0.646257

quaternion    0.420561
   -0.437488
   -0.874976
-5.93969e-16

rotationMatrix-0.302287  0.651143 -0.748886
 0.651143  0.674428  0.374443
 0.748886 -0.374443 -0.627858

quaternion  0.431359
 -0.434027
 -0.868054
-5.791e-16

rotationMatrix-0.287309  0.643654 -0.761443
 0.643654  0.678173  0.380722
 0.761443 -0.380722 -0.609136

quaternion    0.442077
   -0.430606
   -0.861212
-5.65061e-16

rotationMatrix -0.27208   0.63604 -0.773626
  0.63604   0.68198  0.386813
 0.773626 -0.386813   -0.5901

quaternion    0.452714
   -0.427216
   -0.854431
-5.51784e-16

rotationMatrix-0.256608  0.628304 -0.785428
 0.628304  0.685848  0.392714
 0.785428 -0.392714 -0.570759

quaternion    0.463271
   -0.423849
   -0.847698
-5.99121e-16

rotationMatrix-0.240899   0.62045 -0.796843
  0.62045  0.689775  0.398422
 0.796843 -0.398422 -0.551124

quaternion    0.473749
   -0.420499
   -0.840997
-6.44458e-16

rotationMatrix-0.224962  0.612481 -0.807866
 0.612481  0.693759  0.403933
 0.807866 -0.403933 -0.531203

quaternion    0.484147
   -0.417159
   -0.834318
-6.30617e-16

rotationMatrix-0.208805  0.604402  -0.81849
 0.604402  0.697799  0.409245
  0.81849 -0.409245 -0.511006

quaternion    0.494466
   -0.413825
    -0.82765
-6.17456e-16

rotationMatrix-0.192435  0.596218  -0.82871
 0.596218  0.701891  0.414355
  0.82871 -0.414355 -0.490544

quaternion    0.504706
   -0.410491
   -0.820983
-6.04929e-16

rotationMatrix-0.175861   0.58793 -0.838521
  0.58793  0.706035   0.41926
 0.838521  -0.41926 -0.469826

quaternion    0.514866
   -0.407155
    -0.81431
-5.92992e-16

rotationMatrix -0.15909  0.579545 -0.847917
 0.579545  0.710227  0.423959
 0.847917 -0.423959 -0.448863

quaternion    0.524946
   -0.403812
   -0.807623
-5.81605e-16

rotationMatrix-0.142132  0.571066 -0.856894
 0.571066  0.714467  0.428447
 0.856894 -0.428447 -0.427665

quaternion    0.534946
   -0.400458
   -0.800916
-5.70733e-16

rotationMatrix-0.124994  0.562497 -0.865448
 0.562497  0.718751  0.432724
 0.865448 -0.432724 -0.406243

quaternion    0.544866
   -0.397092
   -0.794185
-5.60342e-16

rotationMatrix-0.107685  0.553843 -0.873573
 0.553843  0.723079  0.436786
 0.873573 -0.436786 -0.384607

quaternion    0.554704
   -0.393711
   -0.787422
-5.50404e-16

rotationMatrix-0.0902138   0.545107  -0.881265
  0.545107   0.727447   0.440632
  0.881265  -0.440632  -0.362767

quaternion   0.564461
  -0.390312
  -0.780625
-5.4089e-16

rotationMatrix-0.0725885   0.536294   -0.88852
  0.536294   0.731853    0.44426
   0.88852   -0.44426  -0.340736

quaternion    0.574136
   -0.386894
   -0.773789
-5.31775e-16

rotationMatrix-0.0548181   0.527409  -0.895335
  0.527409   0.736295   0.447667
  0.895335  -0.447667  -0.318523

quaternion    0.583728
   -0.383455
   -0.766911
-5.23037e-16

rotationMatrix-0.0369114   0.518456  -0.901705
  0.518456   0.740772   0.450853
  0.901705  -0.450853  -0.296139

quaternion    0.593237
   -0.379994
   -0.759987
-5.14653e-16

rotationMatrix-0.0188773   0.509439  -0.907628
  0.509439   0.745281   0.453814
  0.907628  -0.453814  -0.273597

quaternion    0.602662
   -0.376508
   -0.753016
-5.06604e-16

rotationMatrix-0.000724719     0.500362      -0.9131
    0.500362     0.749819      0.45655
      0.9131     -0.45655    -0.250906

quaternion    0.612002
   -0.372997
   -0.745994
-4.98873e-16

rotationMatrix0.0175373  0.491231 -0.918118
 0.491231  0.754384  0.459059
 0.918118 -0.459059 -0.228078

quaternion    0.621257
    -0.36946
   -0.738919
-5.13779e-16

rotationMatrix0.0358996   0.48205  -0.92268
  0.48205  0.758975   0.46134
  0.92268  -0.46134 -0.205125

quaternion    0.630426
   -0.365895
    -0.73179
-5.06307e-16

rotationMatrix0.0543532  0.472823 -0.926782
 0.472823  0.763588  0.463391
 0.926782 -0.463391 -0.182058

quaternion    0.639508
   -0.362303
   -0.724605
-5.20817e-16

rotationMatrix0.0728889  0.463556 -0.930423
 0.463556  0.768222  0.465212
 0.930423 -0.465212 -0.158889

quaternion    0.648503
   -0.358681
   -0.717363
-5.13594e-16

rotationMatrix0.0914973  0.454251 -0.933601
 0.454251  0.772874  0.466801
 0.933601 -0.466801 -0.135628

quaternion    0.657408
   -0.355031
   -0.710062
-5.06636e-16

rotationMatrix 0.110169  0.444915 -0.936314
 0.444915  0.777542  0.468157
 0.936314 -0.468157 -0.112288

quaternion    0.666225
    -0.35135
   -0.702701
-4.99932e-16

rotationMatrix  0.128896   0.435552  -0.938559
  0.435552   0.782224    0.46928
  0.938559   -0.46928 -0.0888804

quaternion    0.674952
    -0.34764
   -0.695279
-4.93468e-16

rotationMatrix  0.147667   0.426167  -0.940337
  0.426167   0.786917   0.470169
  0.940337  -0.470169 -0.0654165

quaternion    0.683587
   -0.343898
   -0.687796
-5.07535e-16

rotationMatrix 0.166474  0.416763 -0.941645
 0.416763  0.791618  0.470823
 0.941645 -0.470823 -0.041908

quaternion   0.692131
  -0.340125
   -0.68025
-5.0127e-16

rotationMatrix  0.185306   0.407347  -0.942484
  0.407347   0.796327   0.471242
  0.942484  -0.471242 -0.0183669

quaternion    0.700583
   -0.336321
   -0.672642
-4.95223e-16

rotationMatrix 0.204156  0.397922 -0.942851
 0.397922  0.801039  0.471425
 0.942851 -0.471425 0.0051952

quaternion    0.708941
   -0.332486
   -0.664971
-4.89384e-16

rotationMatrix 0.223013  0.388493 -0.942747
 0.388493  0.805753  0.471374
 0.942747 -0.471374 0.0287665

quaternion    0.717205
   -0.328618
   -0.657237
-4.83745e-16

rotationMatrix 0.241868  0.379066 -0.942172
 0.379066  0.810467  0.471086
 0.942172 -0.471086 0.0523351

quaternion   0.725374
  -0.324719
  -0.649438
-4.9743e-16

rotationMatrix 0.260712  0.369644 -0.941125
 0.369644  0.815178  0.470562
 0.941125 -0.470562 0.0758894

quaternion    0.733447
   -0.320788
   -0.641577
-4.91954e-16

rotationMatrix 0.279534  0.360233 -0.939607
 0.360233  0.819884  0.469804
 0.939607 -0.469804 0.0994176

quaternion    0.741423
   -0.316825
   -0.633651
-4.86662e-16

rotationMatrix 0.298326  0.350837 -0.937619
 0.350837  0.824582  0.468809
 0.937619 -0.468809  0.122908

quaternion    0.749302
   -0.312831
   -0.625661
-5.00066e-16

rotationMatrix 0.317079  0.341461 -0.935161
 0.341461   0.82927   0.46758
 0.935161  -0.46758  0.146348

quaternion    0.757083
   -0.308804
   -0.617608
-4.94927e-16

rotationMatrix 0.335782  0.332109 -0.932234
 0.332109  0.833945  0.466117
 0.932234 -0.466117  0.169727

quaternion    0.764764
   -0.304746
   -0.609491
-4.89956e-16

rotationMatrix 0.354426  0.322787 -0.928839
 0.322787  0.838607   0.46442
 0.928839  -0.46442  0.193033

quaternion    0.772345
   -0.300656
   -0.601311
-4.85146e-16

rotationMatrix 0.373003  0.313498 -0.924979
 0.313498  0.843251  0.462489
 0.924979 -0.462489  0.216254

quaternion    0.779825
   -0.296534
   -0.593068
-4.80493e-16

rotationMatrix 0.391503  0.304249 -0.920653
 0.304249  0.847876  0.460327
 0.920653 -0.460327  0.239379

quaternion    0.787203
   -0.292381
   -0.584762
-4.75989e-16

rotationMatrix 0.409916  0.295042 -0.915866
 0.295042  0.852479  0.457933
 0.915866 -0.457933  0.262395

quaternion   0.794479
  -0.288197
  -0.576394
-4.7163e-16

rotationMatrix 0.428233  0.285883 -0.910618
 0.285883  0.857058  0.455309
 0.910618 -0.455309  0.285291

quaternion   0.801652
  -0.283982
  -0.567963
-4.6741e-16

rotationMatrix 0.446446  0.276777 -0.904912
 0.276777  0.861611  0.452456
 0.904912 -0.452456  0.308057

quaternion     0.80872
   -0.279736
   -0.559472
-4.63325e-16

rotationMatrix 0.464544  0.267728 -0.898751
 0.267728  0.866136  0.449375
 0.898751 -0.449375   0.33068

quaternion   0.815684
  -0.275459
  -0.550919
-4.5937e-16

rotationMatrix 0.482519  0.258741 -0.892137
 0.258741   0.87063  0.446069
 0.892137 -0.446069  0.353149

quaternion   0.822541
  -0.271153
  -0.542306
-4.5554e-16

rotationMatrix 0.500362  0.249819 -0.885074
 0.249819   0.87509  0.442537
 0.885074 -0.442537  0.375452

quaternion    0.829292
   -0.266816
   -0.533632
-4.51831e-16

rotationMatrix 0.518063  0.240968 -0.877565
 0.240968  0.879516  0.438783
 0.877565 -0.438783  0.397579

quaternion   0.835936
   -0.26245
    -0.5249
-4.4824e-16

rotationMatrix 0.535614  0.232193 -0.869614
 0.232193  0.883904  0.434807
 0.869614 -0.434807  0.419518

quaternion    0.842472
   -0.258054
   -0.516108
-4.44763e-16

rotationMatrix 0.553007  0.223497 -0.861223
 0.223497  0.888252  0.430612
 0.861223 -0.430612  0.441258

quaternion   0.848899
   -0.25363
  -0.507259
-4.4957e-16

rotationMatrix 0.570231  0.214884 -0.852398
 0.214884  0.892558  0.426199
 0.852398 -0.426199  0.462789

quaternion    0.855216
   -0.249176
   -0.498353
-4.54362e-16

rotationMatrix 0.587279   0.20636 -0.843143
  0.20636   0.89682  0.421571
 0.843143 -0.421571  0.484099

quaternion    0.861423
   -0.244695
   -0.489389
-4.59144e-16

rotationMatrix 0.604142  0.197929 -0.833461
 0.197929  0.901035   0.41673
 0.833461  -0.41673  0.505177

quaternion    0.867519
   -0.240185
    -0.48037
-4.55917e-16

rotationMatrix 0.620811  0.189594 -0.823357
 0.189594  0.905203  0.411678
 0.823357 -0.411678  0.526014

quaternion    0.873503
   -0.235648
   -0.471296
-4.52794e-16

rotationMatrix 0.637278  0.181361 -0.812837
 0.181361   0.90932  0.406418
 0.812837 -0.406418  0.546598

quaternion    0.879374
   -0.231084
   -0.462168
-4.49771e-16

rotationMatrix 0.653535  0.173232 -0.801905
 0.173232  0.913384  0.400952
 0.801905 -0.400952  0.566919

quaternion    0.885132
   -0.226493
   -0.452986
-4.46845e-16

rotationMatrix 0.669573  0.165213 -0.790566
 0.165213  0.917393  0.395283
 0.790566 -0.395283  0.586966

quaternion    0.890777
   -0.221876
   -0.443751
-4.51803e-16

rotationMatrix 0.685384  0.157308 -0.778827
 0.157308  0.921346  0.389414
 0.778827 -0.389414  0.606731

quaternion    0.896306
   -0.217232
   -0.434465
-4.56758e-16

rotationMatrix 0.700961   0.14952 -0.766692
  0.14952   0.92524  0.383346
 0.766692 -0.383346  0.626201

quaternion   0.901721
  -0.212564
  -0.425127
-4.6171e-16

rotationMatrix 0.716295  0.141853 -0.754168
 0.141853  0.929074  0.377084
 0.754168 -0.377084  0.645369

quaternion    0.907019
    -0.20787
    -0.41574
-4.59013e-16

rotationMatrix 0.731378  0.134311 -0.741261
 0.134311  0.932845  0.370631
 0.741261 -0.370631  0.664223

quaternion    0.912201
   -0.203152
   -0.406303
-4.56405e-16

rotationMatrix 0.746203  0.126898 -0.727977
 0.126898  0.936551  0.363988
 0.727977 -0.363988  0.682754

quaternion    0.917266
   -0.198409
   -0.396819
-4.53885e-16

rotationMatrix 0.760763  0.119619 -0.714322
 0.119619  0.940191  0.357161
 0.714322 -0.357161  0.700954

quaternion    0.922213
   -0.193643
   -0.387287
-4.55213e-16

rotationMatrix 0.775049  0.112475 -0.700302
 0.112475  0.943762  0.350151
 0.700302 -0.350151  0.718812

quaternion    0.927041
   -0.188854
   -0.377708
-4.56584e-16

rotationMatrix 0.789055  0.105472 -0.685926
 0.105472  0.947264  0.342963
 0.685926 -0.342963  0.736319

quaternion    0.931751
   -0.184042
   -0.368085
-4.54277e-16

rotationMatrix0.802774 0.098613  -0.6712
0.098613 0.950693   0.3356
  0.6712  -0.3356 0.753467

quaternion   0.936341
  -0.179208
  -0.358416
-4.5205e-16

rotationMatrix 0.816198  0.091901  -0.65613
 0.091901  0.954049  0.328065
  0.65613 -0.328065  0.770247

quaternion     0.94081
